0 0.853125 0.591667 0.059375 0.277083
0 0.807812 0.554167 0.067187 0.297917
0 0.703125 0.560417 0.060937 0.304167
0 0.673438 0.566667 0.064062 0.297917
0 0.618750 0.577083 0.071875 0.308333
0 0.573437 0.575000 0.081250 0.329167
0 0.490625 0.572917 0.073438 0.327083
0 0.395312 0.583333 0.084375 0.293750
0 0.314063 0.568750 0.079687 0.325000
0 0.268750 0.572917 0.073438 0.289583
0 0.451562 0.577083 0.068750 0.272917
0 0.218750 0.591667 0.073438 0.275000
0 0.165625 0.506250 0.070312 0.202083
0 0.095313 0.512500 0.071875 0.202083
0 0.035937 0.522917 0.062500 0.231250
0 0.754688 0.547917 0.054688 0.277083
